11000011 00000000 01100001 10000000 00000000 00100010 
11000011 00000000 01100001 10000000 00000000 00100010 
11000011 00000000 01100001 10000000 00000000 00100010 
11000011 00000000 01100001 10000000 00000000 00100010 
11000011 00000000 01100001 10000000 00000000 00100010 
11010010 00000101 00000001 00000000 11010110 00000000 
11000011 00000000 01100001 10000000 00000000 00100010 
11000011 00000000 01100001 10000000 00000000 00100010 
11000011 00000000 01100001 10000000 00000000 00100010 
11000011 00000000 01100001 10000000 00000000 00100010 
11000011 00000000 01100001 10000000 00000000 00100010 
11000011 00000000 01100001 10000000 00000000 00100010 
11010010 00000101 00000000 00000000 11010111 00000000 
11000011 00000000 01100001 10000000 00000000 00100010 
11000011 00000000 01100001 10000000 00000000 00100010 
11000011 00000000 01100001 10000000 00000000 00100010 
11010010 00000101 00000010 00000000 11010101 00000000 
11000011 00000000 01100001 10000000 00000000 00100010 
11000011 00000000 01100001 10000000 00000000 00100010 
11010010 00000101 00000000 00000000 11010111 00000000 
11000011 00000000 01100001 10000000 00000000 00100010 
11000011 00000000 01100001 10000000 00000000 00100010 
11000011 00000000 01100001 10000000 00000000 00100010 
11010010 00000101 00001000 00000000 11011111 00000000 
11000011 00000000 01100001 10000000 00000000 00100010 
11000011 00000000 01100001 10000000 00000000 00100010 
11010010 00000101 00000000 00000000 11010111 00000000 
11000011 00000000 01100001 10000000 00000000 00100010 
11000011 00000000 01100001 10000000 00000000 00100010 
11000011 00000000 01100001 10000000 00000000 00100010 
11010010 00000101 00010000 00000000 11000111 00000000 
11000011 00000000 01100001 10000000 00000000 00100010 
11000011 00000000 01100001 10000000 00000000 00100010 
11000011 00000000 01100001 10000000 00000000 00100010 
11000011 00000000 01100001 10000000 00000000 00100010 
11010010 00000101 00000000 00000000 11010111 00000000 
11000011 00000000 01100001 10000000 00000000 00100010 
11000011 00000000 01100001 10000000 00000000 00100010 
11010010 00000101 00000100 00000000 11010011 00000000 
11000011 00000000 01100001 10000000 00000000 00100010 
11000011 00000000 01100001 10000000 00000000 00100010 
11010010 00000101 00000000 00000000 11010111 00000000 
11000011 00000000 01100001 10000000 00000000 00100010 
11000011 00000000 01100001 10000000 00000000 00100010 
11000011 00000000 01100001 10000000 00000000 00100010 
11000011 00000000 01100001 10000000 00000000 00100010 
11000011 00000000 01100001 10000000 00000000 00100010 
11000011 00000000 01100001 10000000 00000000 00100010 
11000011 00000000 01100001 10000000 00000000 00100010 
11000011 00000000 01100001 10000000 00000000 00100010 
11000011 00000000 01100001 10000000 00000000 00100010 
