11000011 00000000 01100001 00000000 00000000 10100010 
11100001 00010100 00000000 11110101 00000000 00000000 
11000011 00000000 01100001 10000000 00000000 00100010 
11000011 00000000 01100001 10000000 00000000 00100010 
11000011 00000000 01100001 10000000 00000000 00100010 
11000011 00000000 01100001 10000000 00000000 00100010 
11000011 00000000 01100001 10000000 00000000 00100010 
11000011 00000000 01100001 10000000 00000000 00100010 
11000011 00000000 01100001 10000000 00000000 00100010 
11000011 00000000 01100001 10000000 00000000 00100010 
11000011 00000000 01100001 10000000 00000000 00100010 
11000011 00000000 01100001 10000000 00000000 00100010 
11000011 00000000 01100001 10000000 00000000 00100010 
11000011 00000000 01100001 10000000 00000000 00100010 
11000011 00000000 01100001 10000000 00000000 00100010 
11000011 00000000 01100001 10000000 00000000 00100010 
11000011 00000000 01100001 10000000 00000000 00100010 
11000011 00000000 01100001 10000000 00000000 00100010 
11000011 00000000 01100001 10000000 00000000 00100010 
11000011 00000000 01100001 10000000 00000000 00100010 
