 05 01 09 02 A1 01 85 01 09 01 A1 00 05 09 19 01
 29 03 15 00 25 01 95 03 75 01 81 02 95 01 75 05
 81 01 05 01 15 00 26 FF 07 55 0F 65 11 75 0C 95
 01 35 00 46 00 00 09 30 81 02 46 00 00 09 31 81
 02 C0 C0 05 0D 09 06 15 00 26 FF 00 A1 01 85 02
 75 08 95 3F 09 00 82 02 01 95 3F 09 00 92 02 01
 C0 05 0D 09 04 A1 01 85 03 09 22 A1 02 15 00 25
 01 75 01 95 03 09 42 09 32 09 47 81 02 75 05 95
 01 81 03 26 FF 00 75 08 09 51 81 02 09 47 81 02
 09 30 81 02 26 FF 0F 75 10 95 01 05 01 55 0F 65
 11 35 00 46 00 00 09 30 81 02 46 00 00 09 31 81
 02 C0 A1 02 05 0D 15 00 25 01 75 01 95 03 09 42
 09 32 09 47 81 02 75 05 95 01 81 03 26 FF 00 75
 08 09 51 81 02 09 47 81 02 09 30 81 02 26 FF 0F
 75 10 95 01 05 01 55 0F 65 11 35 00 46 00 00 09
 30 81 02 46 00 00 09 31 81 02 C0 A1 02 05 0D 15
 00 25 01 75 01 95 03 09 42 09 32 09 47 81 02 75
 05 95 01 81 03 26 FF 00 75 08 09 51 81 02 09 47
 81 02 09 30 81 02 26 FF 0F 75 10 95 01 05 01 55
 0F 65 11 35 00 46 00 00 09 30 81 02 46 00 00 09
 31 81 02 C0 A1 02 05 0D 15 00 25 01 75 01 95 03
 09 42 09 32 09 47 81 02 75 05 95 01 81 03 26 FF
 00 75 08 09 51 81 02 09 47 81 02 09 30 81 02 26
 FF 0F 75 10 95 01 05 01 55 0F 65 11 35 00 46 00
 00 09 30 81 02 46 00 00 09 31 81 02 C0 05 0D 95
 01 75 08 15 00 26 FF 00 09 54 81 02 25 04 09 55
 B1 02 C0 09 0E A1 01 85 04 09 23 A1 02 09 52 09
 53 15 00 25 0A 75 08 95 02 B1 02 C0 C0 05 0D 09
 02 A1 01 85 05 09 20 A1 00 15 00 25 01 75 01 95
 05 09 42 09 32 09 44 09 3C 09 45 81 02 75 03 95
 01 81 03 26 FF 03 75 0A 95 01 09 30 81 02 75 06
 81 03 05 01 75 10 95 01 55 0F 65 11 26 FF 0F 35
 00 46 00 00 09 30 81 02 46 00 00 09 31 81 02 C0
 05 0D 95 01 75 08 15 00 25 02 09 55 B1 02 C0 05
 0C 09 01 A1 01 85 06 05 09 A1 00 09 00 09 01 09
 02 09 03 09 04 09 05 09 06 09 07 15 00 25 01 75
 01 95 08 81 02 C0 C0

